8219.55
8219.55
8219.55
8440.34
8440.34
8440.34
8539.21
8539.21
8539.21
8539.21
8539.21
8539.21
8590.34
8590.34
8590.34
8787.57
8787.57
8787.57
10100.31
10100.31
10100.31
10114.96
10114.96
10114.96
11065.77
11065.77
11065.77
11113.21
11113.21
11113.21
12710.21
12710.21
12710.21
13118.58
13118.58
13118.58
13118.58
13118.58
13118.58
13928.44
13928.44
13928.44
14017.84
14017.84
14017.84
14023.43
14023.43
14023.43
14445.68
14445.68
14445.68
15146.19
15146.19
15146.19
15598.56
15598.56
15598.56
15598.56
15617.40
15617.40
15617.40
16061.10
16061.10
16061.10
16061.10
16061.10
16061.10
16130.71
16130.71
16130.71
16501.59
16501.59
16501.59
17830.63
17830.63
17830.63
18163.46
18163.46
18163.46
18379.38
18379.38
18379.38
19003.40
19003.40
19003.40
19559.45
19559.45
19559.45
19559.45
19559.45
19559.45
20452.72
20452.72
20452.72
20706.18
20706.18
20706.18
20859.61
20859.61
20859.61
20928.00
20928.00
20928.00
20929.50
20929.50
20929.50
20971.41
20971.41
20971.41
21439.56
21439.56
21439.56
22633.21
22633.21
22633.21
23869.11
23869.11
23869.11
25424.32
25424.32
25424.32
25424.32
25844.91
25844.91
25844.91
27502.20
27502.20
27502.20
27577.34
27577.34
27577.34
28631.20
28631.20
28631.20
29742.82
29742.82
29742.82
29742.82
29742.82
29742.82
30040.42
30040.42
30040.42
30040.42
32458.19
32458.19
32458.19
33849.54
33849.54
33849.54
